1 0.325781 0.813194 0.157812 0.359722
1 0.201563 0.720139 0.107813 0.259722
0 0.656641 0.570139 0.083594 0.473611
1 0.744531 0.731250 0.112500 0.270833
2 0.335938 0.595139 0.109375 0.209722
1 0.662109 0.888889 0.152344 0.216667
0 0.902734 0.656944 0.111719 0.208333
1 0.863281 0.835417 0.137500 0.237500
2 0.117969 0.493750 0.062500 0.143056
1 0.173047 0.537500 0.071094 0.163889
0 0.441406 0.515278 0.109375 0.175000
0 0.553906 0.620833 0.070312 0.352778
1 0.457422 0.659722 0.092969 0.283333
2 0.276953 0.515972 0.085156 0.251389
2 0.804297 0.618750 0.064844 0.190278
2 0.921094 0.536111 0.096875 0.177778
2 0.831250 0.516667 0.068750 0.169444
2 0.225000 0.452778 0.070312 0.127778
0 0.457031 0.725694 0.096875 0.409722
0 0.357812 0.445139 0.081250 0.181944
