1 0.326562 0.813194 0.159375 0.359722
1 0.200781 0.719444 0.107813 0.261111
1 0.655469 0.572222 0.085938 0.469444
1 0.744141 0.731250 0.113281 0.270833
2 0.335547 0.595139 0.107031 0.209722
0 0.903125 0.648611 0.107813 0.216667
0 0.869531 0.819444 0.146875 0.250000
0 0.118359 0.493750 0.061719 0.143056
1 0.441016 0.513194 0.108594 0.176389
1 0.170703 0.522917 0.066406 0.145833
1 0.022266 0.579167 0.044531 0.200000
2 0.807031 0.621528 0.062500 0.184722
1 0.557813 0.564583 0.067187 0.220833
2 0.271484 0.517361 0.092969 0.251389
2 0.824219 0.519444 0.084375 0.161111
1 0.920312 0.542361 0.093750 0.184722
0 0.557422 0.627083 0.066406 0.351389
2 0.510156 0.443056 0.079687 0.119444
0 0.356250 0.462500 0.084375 0.213889
1 0.312891 0.395139 0.057031 0.129167
1 0.702734 0.416667 0.055469 0.211111
