1 0.326172 0.812500 0.158594 0.358333
1 0.201563 0.719444 0.107813 0.261111
1 0.656250 0.570833 0.082812 0.469444
1 0.745313 0.731250 0.110937 0.268056
2 0.336719 0.597222 0.107813 0.205556
1 0.176953 0.531250 0.075781 0.145833
1 0.662109 0.888889 0.152344 0.216667
2 0.119531 0.494444 0.065625 0.141667
0 0.903125 0.653472 0.112500 0.209722
2 0.441797 0.518056 0.108594 0.166667
2 0.270703 0.516667 0.097656 0.247222
2 0.456250 0.665972 0.093750 0.276389
1 0.550391 0.628472 0.075781 0.345833
2 0.804297 0.618750 0.064844 0.187500
2 0.828906 0.515278 0.073438 0.172222
2 0.222266 0.450000 0.055469 0.138889
2 0.924219 0.538889 0.089063 0.172222
1 0.456641 0.725000 0.096094 0.391667
0 0.701953 0.417361 0.057031 0.218056
0 0.312500 0.397917 0.054688 0.134722
0 0.356250 0.456250 0.082812 0.215278
