1 0.326562 0.810417 0.159375 0.365278
2 0.205469 0.714583 0.115625 0.265278
1 0.656250 0.572917 0.081250 0.470833
1 0.745313 0.731250 0.110937 0.268056
2 0.339453 0.597222 0.110156 0.202778
1 0.120313 0.493056 0.064062 0.147222
1 0.862891 0.827778 0.138281 0.255556
2 0.903906 0.646528 0.112500 0.223611
1 0.178906 0.527083 0.075000 0.140278
2 0.442188 0.520139 0.110937 0.162500
2 0.269531 0.519444 0.098437 0.252778
1 0.457031 0.663194 0.093750 0.268056
0 0.859766 0.918056 0.138281 0.158333
1 0.805469 0.620833 0.064062 0.186111
1 0.550781 0.628472 0.070312 0.340278
0 0.356250 0.438889 0.081250 0.183333
0 0.312891 0.397917 0.053906 0.137500
2 0.826172 0.515278 0.078906 0.169444
0 0.700781 0.416667 0.057813 0.216667
2 0.218359 0.447222 0.055469 0.133333
0 0.456641 0.731250 0.096094 0.401389
2 0.924219 0.536111 0.089063 0.177778
0 0.554297 0.440972 0.071094 0.123611
